version https://git-lfs.github.com/spec/v1
oid sha256:2161ceded8af31e4dcc8c33cd73ab2c983f0ca75d59e9ee6676d69981df63f54
size 2791
